10 66 127 9.28819270267 1.12968807712 0.618165223751 1.12968807712 0.836898785415 0.189259351059
12 33 122 7.94520500143 1.32618361397 0.432650263051 1.32618361397 0.903346330483 0.285730224742
10 33 122 7.17381993868 1.46352180628 0.753654212776 1.46352180628 1.18157932465 0.191128923119
12 33 122 7.80256627941 1.30237489716 0.826854771072 1.30237489716 1.12612116662 0.142782602564
12 33 122 7.94139955834 1.32554842378 1.16309391961 1.32554842378 1.2527721699 0.0520390696423
12 33 122 7.99677761003 1.33479191904 0.744962708762 1.33479191904 1.21372859142 0.185171168404
11 23 168 1.19909166011e+18 0.781879696246 0.650232552879 0.781879696246 0.72907780583 0.0489639192281
11 23 168 1.19909166011e+18 0.728491233286 0.385406134277 0.728491233286 0.573972724401 0.155964017116
11 23 168 1.19909166011e+18 0.788239039877 0.429821974058 0.788239039877 0.588886646948 0.16159554559
11 23 168 1.19909166011e+18 0.788239039877 0.386803408949 0.788239039877 0.57787796699 0.173080966173
11 23 168 1.19909166011e+18 0.716668607971 0.449151391557 0.716668607971 0.582694176423 0.13250394599
gen	nevals	avg     	std     	min      	max     
0  	8     	0.261149	0.219913	0.0956108	0.814932
1  	3     	0.615413	0.291406	0.235419 	0.936084
2  	6     	0.772982	0.126034	0.567827 	0.936084
3  	7     	0.48933 	0.213079	0.239447 	0.936084
4  	6     	0.639671	0.210879	0.367963 	0.936084
5  	6     	0.620918	0.243417	0.269844 	0.936084
